intrinsic:
2182.1837846105827 0.0 928.4221730877357 
0.0 2202.872352651753 539.0956773095287 
0.0 0.0 1.0 
distortion:
-0.0589390464887318 0.4081657564262488 0.007796067935464906 0.003394540440024318 -0.7118026976982017 
