intrinsic:
2159.1623853965893 0.0 991.0634969720829 
0.0 2166.5818769607426 555.4380272807266 
0.0 0.0 1.0 
distortion:
0.14429244901480107 -0.14604370595782773 0.006469882051221112 0.0036583529044081136 -0.3613711162740844 
